21 3 2 116
0 0 1 1 0 1 1 1 0 1 1 0 1 1 1 1 1 1 1 0 1
0 0 1 0 0 0 1 1 1 0 0 0 0 1 0 0 0 0 0 1 1
1 0 1 0 0 0 1 1 1 1 1 0 1 0 0 1 1 1 1 0 0
0 1 0 1 1 1 1 1 0 0 0 1 0 1 0 0 0 0 0 1 1
0 1 0 1 0 1 1 0 1 1 1 1 1 0 1 1 0 0 1 0 1
1 1 1 1 1 1 1 1 1 0 0 0 0 1 1 0 0 0 1 0 0
1 0 1 1 1 1 1 0 0 1 1 0 0 0 1 0 0 0 0 0 1
0 1 1 0 1 1 1 1 0 0 0 0 1 0 0 0 0 1 1 0 1
1 0 1 1 1 1 0 1 1 1 1 1 1 0 0 0 0 0 1 0 1
1 1 0 1 0 0 0 0 1 1 0 1 1 0 1 1 1 0 1 1 0
1 0 0 1 1 1 0 0 1 0 1 1 1 0 0 1 0 0 1 1 0
0 0 1 0 1 0 1 0 1 1 1 1 0 0 0 0 1 1 1 1 1
0 1 0 1 0 0 1 0 1 1 1 1 0 0 0 1 1 0 1 0 0
0 1 0 0 1 0 1 1 1 0 0 1 1 0 1 0 1 0 1 0 0
1 0 1 0 0 1 0 0 0 1 1 1 0 1 0 1 0 0 1 1 0
1 1 1 0 0 0 0 0 1 1 1 1 0 0 1 1 0 1 0 1 0
0 0 1 1 1 1 0 1 0 1 0 0 1 0 0 1 1 1 1 1 0
0 0 1 1 0 1 0 0 1 1 0 0 1 0 0 0 1 1 0 0 1
0 1 1 0 1 0 1 1 0 1 0 0 0 0 1 0 1 0 0 1 1
1 1 1 1 1 0 1 0 0 0 1 0 1 0 1 1 1 0 0 0 1
1 1 1 0 1 1 0 1 1 0 0 1 1 0 0 1 0 1 0 0 1
0 0 1 1 0 1 1 1 0 1 1 0 1 1 1 1 1 1 1 0 1
0 0 0 0 0 0 0 1 1 0 1 0 0 1 1 0 0 0 1 1 1
1 0 1 0 0 0 1 1 1 1 1 0 1 0 0 1 1 1 1 0 0
0 1 0 1 1 1 1 1 0 0 0 1 0 1 0 0 0 0 0 1 1
0 1 0 1 0 1 1 0 1 1 1 1 0 1 0 1 0 0 1 0 1
1 1 0 1 1 1 0 1 1 0 1 0 1 0 0 0 0 0 0 0 0
1 0 1 1 1 1 1 0 0 1 1 0 1 1 0 0 0 0 0 0 1
0 1 1 0 1 1 1 1 0 0 0 0 1 0 0 0 0 1 1 0 1
1 0 1 1 1 1 0 1 1 1 1 1 1 0 0 0 0 0 1 0 1
1 1 1 1 0 0 1 0 1 1 1 1 1 0 0 1 1 0 0 1 0
1 0 0 1 1 1 0 0 1 0 1 1 1 0 0 1 0 0 1 1 0
0 0 1 0 1 0 1 0 1 1 1 1 0 0 0 0 1 1 1 1 1
0 1 0 1 0 0 1 0 1 1 1 1 0 0 0 1 1 0 1 0 0
0 1 1 0 1 0 0 1 1 0 1 1 1 0 0 0 1 0 0 0 0
1 0 1 0 0 1 0 0 0 1 1 1 0 1 0 1 0 0 1 1 0
1 1 1 0 0 0 0 0 1 1 1 1 0 0 1 1 0 1 0 1 0
0 0 1 1 1 1 0 1 0 1 0 0 1 0 0 1 1 1 1 1 0
0 0 0 1 0 1 1 0 1 1 1 0 1 0 1 0 1 1 1 0 1
0 1 1 0 1 0 1 1 0 1 0 0 0 0 1 0 1 0 0 1 1
1 1 1 1 1 0 1 0 0 0 1 0 1 0 1 1 1 0 0 0 1
1 1 1 0 1 1 0 1 1 0 0 1 1 0 0 1 0 1 0 0 1
0 1 0
0 0 0
0 1 0
