15 2 5 1
3 3 0 1 3 3 3 3 3 3 3 3 3 3 3
3 3 3 3 3 3 0 3 3 3 3 3 3 3 3
3 3 3 3 3 3 3 3 3 3 3 3 3 2 3
3 3 3 3 3 1 3 3 3 3 3 3 3 3 3
3 3 1 3 3 3 3 3 3 3 3 3 3 3 3
3 3 3 3 3 3 3 3 3 3 3 1 3 3 3
3 3 3 3 3 3 3 3 0 3 3 3 3 3 3
3 3 1 3 3 3 3 3 3 3 3 3 3 3 3
3 2 3 3 3 4 3 3 3 3 3 3 3 3 3
0 3 3 3 3 4 4 3 3 3 3 1 3 3 3
3 3 3 3 3 3 4 3 3 3 3 3 3 3 3
3 3 3 3 3 3 3 3 3 3 3 3 3 3 3
3 3 3 3 3 3 3 3 3 3 3 3 3 3 3
3 3 3 3 3 3 3 3 0 3 3 3 3 3 3
3 3 3 3 3 3 3 3 3 4 3 3 3 3 3
3 3 3 3 3 3 3 3 3 0 3 3 3 3 3
3 3 3 3 3 0 3 3 3 3 3 3 3 3 3
0 3 3 3 3 3 3 4 3 3 2 3 3 3 3
3 3 3 3 2 3 3 3 3 3 3 3 3 3 3
0 3 3 3 3 3 3 3 3 3 3 3 4 3 3
3 3 3 3 3 3 3 3 3 3 3 3 3 3 3
4 3 3 3 3 3 3 3 3 3 3 3 3 3 3
3 3 3 3 3 3 2 3 3 3 3 3 3 3 3
3 3 3 4 0 3 3 3 3 3 3 3 3 3 3
3 3 3 3 3 3 3 3 3 3 3 3 3 1 3
2 3 3 3 3 3 3 3 3 3 3 4 2 3 3
3 3 3 3 3 3 3 3 3 3 3 3 3 0 3
3 3 3 3 3 3 3 3 3 1 3 3 3 3 3
3 3 3 3 3 3 3 3 3 3 3 3 3 3 3
3 3 3 3 3 3 3 3 3 3 3 3 3 3 3
3 3
1 3
